6 | 
5 | 1 | 
9 | 7 | 
4 | 2 | 
3 | 8 | 
_____________________
6 | 
5 | 1 | 
9 | 7 | 
4 | 2 | 
3 | 8 | 
_____________________
6 | 
5 | 1 | 
9 | 7 | 
4 | 2 | 
3 | 8 | 
_____________________
6 | 
5 | 1 | 
9 | 7 | 
4 | 2 | 
3 | 8 | 
_____________________
6 | 
5 | 1 | 
7 | 
4 | 9 | 2 | 
3 | 8 | 
_____________________
6 | 
5 | 1 | 
7 | 
4 | 9 | 2 | 
3 | 8 | 
_____________________
6 | 
5 | 1 | 
7 | 
4 | 9 | 2 | 
3 | 8 | 
_____________________
6 | 
5 | 1 | 
7 | 
4 | 9 | 2 | 
3 | 8 | 
_____________________
6 | 
5 | 1 | 
7 | 
4 | 9 | 2 | 
3 | 8 | 
_____________________
6 | 
5 | 1 | 
7 | 
4 | 9 | 2 | 
3 | 8 | 
_____________________
6 | 
5 | 1 | 
7 | 
4 | 9 | 2 | 
3 | 8 | 
_____________________
6 | 
5 | 1 | 
7 | 
4 | 9 | 2 | 
3 | 8 | 
_____________________
6 | 
5 | 1 | 
7 | 
4 | 9 | 2 | 
3 | 8 | 
_____________________
6 | 
5 | 1 | 
7 | 
4 | 9 | 2 | 
3 | 8 | 
_____________________
6 | 
5 | 1 | 
7 | 
4 | 9 | 2 | 
3 | 8 | 
_____________________
6 | 
5 | 1 | 
7 | 
4 | 9 | 2 | 
3 | 8 | 
_____________________
8 | 6 | 
5 | 1 | 
9 | 7 | 
4 | 2 | 
3 | 
_____________________
8 | 6 | 
5 | 1 | 
9 | 7 | 
4 | 2 | 
3 | 
_____________________
8 | 6 | 
5 | 1 | 
9 | 7 | 
4 | 2 | 
3 | 
_____________________
8 | 6 | 
5 | 1 | 
9 | 7 | 
4 | 2 | 
3 | 
_____________________
6 | 
1 | 
7 | 5 | 
4 | 9 | 2 | 
8 | 3 | 
_____________________
6 | 
1 | 
7 | 5 | 
4 | 9 | 2 | 
8 | 3 | 
_____________________
6 | 
1 | 
7 | 5 | 
4 | 9 | 2 | 
8 | 3 | 
_____________________
6 | 
1 | 
7 | 5 | 
4 | 9 | 2 | 
8 | 3 | 
_____________________
4 | 9 | 
1 | 8 | 
5 | 3 | 
7 | 2 | 
6 | 
_____________________
4 | 9 | 
1 | 8 | 
5 | 3 | 
7 | 2 | 
6 | 
_____________________
4 | 9 | 
1 | 8 | 
5 | 3 | 
7 | 2 | 
6 | 
_____________________
4 | 9 | 
1 | 8 | 
5 | 3 | 
7 | 2 | 
6 | 
_____________________
2 | 8 | 
7 | 1 | 
3 | 9 | 
6 | 4 | 
5 | 
_____________________
2 | 8 | 
7 | 1 | 
3 | 9 | 
6 | 4 | 
5 | 
_____________________
2 | 8 | 
7 | 1 | 
3 | 9 | 
6 | 4 | 
5 | 
_____________________
2 | 8 | 
7 | 1 | 
3 | 9 | 
6 | 4 | 
5 | 
_____________________
2 | 
9 | 1 | 
3 | 5 | 
8 | 6 | 
4 | 7 | 
_____________________
2 | 
9 | 1 | 
3 | 5 | 
8 | 6 | 
4 | 7 | 
_____________________
2 | 
9 | 1 | 
3 | 5 | 
8 | 6 | 
4 | 7 | 
_____________________
2 | 
9 | 1 | 
3 | 5 | 
8 | 6 | 
4 | 7 | 
_____________________
2 | 
1 | 6 | 
3 | 7 | 
5 | 8 | 
4 | 9 | 
_____________________
2 | 
1 | 6 | 
3 | 7 | 
5 | 8 | 
4 | 9 | 
_____________________
2 | 
1 | 6 | 
3 | 7 | 
5 | 8 | 
4 | 9 | 
_____________________
2 | 
1 | 6 | 
3 | 7 | 
5 | 8 | 
4 | 9 | 
_____________________
2 | 7 | 
8 | 1 | 6 | 
3 | 9 | 
5 | 
4 | 
_____________________
2 | 7 | 
8 | 1 | 6 | 
3 | 9 | 
5 | 
4 | 
_____________________
2 | 7 | 
8 | 1 | 6 | 
3 | 9 | 
5 | 
4 | 
_____________________
2 | 7 | 
8 | 1 | 6 | 
3 | 9 | 
5 | 
4 | 
_____________________
2 | 7 | 
8 | 1 | 6 | 
3 | 
9 | 5 | 
4 | 
_____________________
2 | 7 | 
8 | 1 | 6 | 
3 | 
9 | 5 | 
4 | 
_____________________
2 | 7 | 
8 | 1 | 6 | 
3 | 
9 | 5 | 
4 | 
_____________________
2 | 7 | 
8 | 1 | 6 | 
3 | 
9 | 5 | 
4 | 
_____________________
2 | 7 | 
8 | 1 | 6 | 
3 | 
9 | 5 | 
4 | 
_____________________
2 | 7 | 
8 | 1 | 6 | 
3 | 
9 | 5 | 
4 | 
_____________________
2 | 7 | 
8 | 1 | 6 | 
3 | 
9 | 5 | 
4 | 
_____________________
2 | 7 | 
8 | 1 | 6 | 
3 | 
9 | 5 | 
4 | 
_____________________
2 | 7 | 
8 | 1 | 6 | 
3 | 
9 | 5 | 
4 | 
_____________________
2 | 7 | 
8 | 1 | 6 | 
3 | 
9 | 5 | 
4 | 
_____________________
2 | 7 | 
8 | 1 | 6 | 
3 | 
9 | 5 | 
4 | 
_____________________
2 | 7 | 
8 | 1 | 6 | 
3 | 
9 | 5 | 
4 | 
_____________________
